CNN


9/9 [==============================] - 7s 140ms/step - loss: 1.5014 - accuracy: 0.6287
测试准确度 : 0.6286764740943909

准确度acc: 0.6286764705882353
精确度p: 0.682962764739156
召回率r: 0.6288217338217339


混淆矩阵------------------------------------------------

[[23.  1.  1.  0.  0.  0.  0.  0.  2.  0.]
 [ 0. 25.  0.  0.  0.  0.  0.  0.  2.  0.]
 [ 0.  6. 15.  0.  0.  0.  2.  2.  3.  0.]
 [ 1.  3.  0. 21.  0.  0.  0.  1.  4.  0.]
 [ 0.  3.  1.  1. 16.  1.  0.  0.  1.  3.]
 [ 0.  3.  2.  1.  5. 12.  0.  0.  3.  0.]
 [ 0.  7.  1.  3.  0.  0. 15.  0.  1.  1.]
 [ 2.  3.  1.  2.  1.  1.  0. 10.  5.  1.]
 [ 0.  2.  1.  0.  0.  0.  0.  0. 23.  0.]
 [ 0.  5.  2.  1.  1.  3.  0.  1.  4. 11.]]

[[0.85185185 0.03703704 0.03703704 0.         0.         0.
  0.         0.         0.07407407 0.        ]
 [0.         0.92592593 0.         0.         0.         0.
  0.         0.         0.07407407 0.        ]
 [0.         0.21428571 0.53571429 0.         0.         0.
  0.07142857 0.07142857 0.10714286 0.        ]
 [0.03333333 0.1        0.         0.7        0.         0.
  0.         0.03333333 0.13333333 0.        ]
 [0.         0.11538462 0.03846154 0.03846154 0.61538462 0.03846154
  0.         0.         0.03846154 0.11538462]
 [0.         0.11538462 0.07692308 0.03846154 0.19230769 0.46153846
  0.         0.         0.11538462 0.        ]
 [0.         0.25       0.03571429 0.10714286 0.         0.
  0.53571429 0.         0.03571429 0.03571429]
 [0.07692308 0.11538462 0.03846154 0.07692308 0.03846154 0.03846154
  0.         0.38461538 0.19230769 0.03846154]
 [0.         0.07692308 0.03846154 0.         0.         0.
  0.         0.         0.88461538 0.        ]
 [0.         0.17857143 0.07142857 0.03571429 0.03571429 0.10714286
  0.         0.03571429 0.14285714 0.39285714]]

模型结构----------------------------------------------------------------------------------------------------



9/9 [==============================] - 13s 821ms/step - loss: 0.0531 - accuracy: 0.9963
测试准确度 : 0.9963235259056091

准确度acc: 0.9963235294117647
精确度p: 0.9967741935483871
召回率r: 0.9964285714285713

混淆矩阵--------------------------------------------------

[[27.  0.  0.  0.  0.  0.  0.  0.  0.  0.]
 [ 0. 27.  0.  0.  0.  0.  0.  0.  0.  0.]
 [ 0.  0. 28.  0.  0.  0.  0.  0.  0.  0.]
 [ 0.  0.  0. 30.  0.  0.  0.  0.  0.  0.]
 [ 0.  0.  0.  0. 26.  0.  0.  0.  0.  0.]
 [ 0.  0.  0.  0.  0. 26.  0.  0.  0.  0.]
 [ 0.  0.  0.  0.  0.  0. 28.  0.  0.  0.]
 [ 0.  0.  0.  0.  0.  0.  0. 26.  0.  0.]
 [ 0.  0.  0.  0.  0.  0.  0.  0. 26.  0.]
 [ 0.  0.  0.  1.  0.  0.  0.  0.  0. 27.]]

[[1.         0.         0.         0.         0.         0.
  0.         0.         0.         0.        ]
 [0.         1.         0.         0.         0.         0.
  0.         0.         0.         0.        ]
 [0.         0.         1.         0.         0.         0.
  0.         0.         0.         0.        ]
 [0.         0.         0.         1.         0.         0.
  0.         0.         0.         0.        ]
 [0.         0.         0.         0.         1.         0.
  0.         0.         0.         0.        ]
 [0.         0.         0.         0.         0.         1.
  0.         0.         0.         0.        ]
 [0.         0.         0.         0.         0.         0.
  1.         0.         0.         0.        ]
 [0.         0.         0.         0.         0.         0.
  0.         1.         0.         0.        ]
 [0.         0.         0.         0.         0.         0.
  0.         0.         1.         0.        ]
 [0.         0.         0.         0.03571429 0.         0.
  0.         0.         0.         0.96428571]]
